  0.0000000e+000
  2.2489172e-001
  9.7392950e-001
  1.0000000e+000
  5.6145541e-001
  1.9970095e-001
  4.2090901e-003
 -7.9516634e-002
 -9.6918192e-002
 -8.0113012e-002
 -5.3299265e-002
 -3.0250601e-002
 -1.5121533e-002
 -6.8027629e-003
 -2.7988005e-003
 -1.0662993e-003
 -3.7996524e-004
  0.0000000e+000
  0.0000000e+000
  0.0000000e+000
  0.0000000e+000
  0.0000000e+000
  0.0000000e+000
  0.0000000e+000
  0.0000000e+000
  0.0000000e+000
  0.0000000e+000
  0.0000000e+000
  0.0000000e+000
  0.0000000e+000
  0.0000000e+000
  0.0000000e+000
  0.0000000e+000
  0.0000000e+000
  0.0000000e+000
  0.0000000e+000
  0.0000000e+000
  0.0000000e+000
  0.0000000e+000
  0.0000000e+000
  0.0000000e+000
  2.2489172e-001
  9.7392950e-001
  1.0000000e+000
  5.6145541e-001
  1.9970095e-001
  4.2090901e-003
 -7.9516634e-002
 -9.6918192e-002
 -8.0113012e-002
 -5.3299265e-002
 -3.0250601e-002
 -1.5121533e-002
 -6.8027629e-003
 -2.7988005e-003
 -1.0662993e-003
 -3.7996524e-004
  0.0000000e+000
  0.0000000e+000
  0.0000000e+000
  0.0000000e+000
  0.0000000e+000
  0.0000000e+000
  0.0000000e+000
  0.0000000e+000
  0.0000000e+000
  0.0000000e+000
  0.0000000e+000
  0.0000000e+000
  0.0000000e+000
  0.0000000e+000
  0.0000000e+000
  0.0000000e+000
  0.0000000e+000
  0.0000000e+000
  0.0000000e+000
  0.0000000e+000
  0.0000000e+000
  0.0000000e+000
  0.0000000e+000
  0.0000000e+000
  2.2489172e-001
  9.7392950e-001
  1.0000000e+000
  5.6145541e-001
  1.9970095e-001
  4.2090901e-003
 -7.9516634e-002
 -9.6918192e-002
 -8.0113012e-002
 -5.3299265e-002
 -3.0250601e-002
 -1.5121533e-002
 -6.8027629e-003
 -2.7988005e-003
 -1.0662993e-003
 -3.7996524e-004
  0.0000000e+000
  0.0000000e+000
  0.0000000e+000
  0.0000000e+000
  0.0000000e+000
  0.0000000e+000
  0.0000000e+000
  0.0000000e+000
  0.0000000e+000
  0.0000000e+000
  0.0000000e+000
  0.0000000e+000
  0.0000000e+000
  0.0000000e+000
  0.0000000e+000
  0.0000000e+000
  0.0000000e+000
  0.0000000e+000
  0.0000000e+000
  0.0000000e+000
  0.0000000e+000
  0.0000000e+000
  0.0000000e+000
  0.0000000e+000
  2.2489172e-001
  9.7392950e-001
  1.0000000e+000
  5.6145541e-001
  1.9970095e-001
  4.2090901e-003
 -7.9516634e-002
 -9.6918192e-002
 -8.0113012e-002
 -5.3299265e-002
 -3.0250601e-002
 -1.5121533e-002
 -6.8027629e-003
 -2.7988005e-003
 -1.0662993e-003
 -3.7996524e-004
  0.0000000e+000
  0.0000000e+000
  0.0000000e+000
  0.0000000e+000
  0.0000000e+000
  0.0000000e+000
  0.0000000e+000
  0.0000000e+000
  0.0000000e+000
  0.0000000e+000
  0.0000000e+000
  0.0000000e+000
  0.0000000e+000
  0.0000000e+000
  0.0000000e+000
  0.0000000e+000
  0.0000000e+000
  0.0000000e+000
  0.0000000e+000
  0.0000000e+000
  0.0000000e+000
  0.0000000e+000
  0.0000000e+000
  0.0000000e+000
  2.2489172e-001
  9.7392950e-001
  1.0000000e+000
  5.6145541e-001
  1.9970095e-001
  4.2090901e-003
 -7.9516634e-002
 -9.6918192e-002
 -8.0113012e-002
 -5.3299265e-002
 -3.0250601e-002
 -1.5121533e-002
 -6.8027629e-003
 -2.7988005e-003
 -1.0662993e-003
 -3.7996524e-004
  0.0000000e+000
  0.0000000e+000
  0.0000000e+000
  0.0000000e+000
  0.0000000e+000
  0.0000000e+000
  0.0000000e+000
  0.0000000e+000
  0.0000000e+000
  0.0000000e+000
  0.0000000e+000
  0.0000000e+000
  0.0000000e+000
  0.0000000e+000
  0.0000000e+000
  0.0000000e+000
  0.0000000e+000
  0.0000000e+000
  0.0000000e+000
  0.0000000e+000
  0.0000000e+000
  0.0000000e+000
  0.0000000e+000
